  alpha     CL        CD       CDp       Cm    Top Xtr Bot Xtr   Cpmin    Chinge    XCp    
  -5.000  -0.3904   0.01661   0.00890  -0.0443  0.9575  0.1594  -2.0596   0.0000   0.1268
  -4.500  -0.3119   0.01566   0.00812  -0.0492  0.9476  0.1997  -1.7938   0.0000   0.0819
  -4.000  -0.2426   0.01481   0.00754  -0.0522  0.9348  0.2498  -1.5519   0.0000   0.0237
  -3.500  -0.1626   0.01391   0.00684  -0.0569  0.9257  0.3152  -1.3226   0.0000  -0.1141
  -2.500  -0.0433   0.01224   0.00589  -0.0577  0.8919  0.4765  -0.9764   0.0000  -1.1174
  -2.000   0.0147   0.01142   0.00550  -0.0571  0.8750  0.5886  -0.8308   0.0000   4.2100
  -1.500   0.0664   0.01085   0.00523  -0.0549  0.8525  0.6909  -0.7074   0.0000   1.0889
  -1.000   0.1167   0.01051   0.00513  -0.0522  0.8276  0.7790  -0.5971   0.0000   0.7011
  -0.500   0.1682   0.01041   0.00509  -0.0495  0.8009  0.8529  -0.5822   0.0000   0.5449
   0.000   0.2280   0.01053   0.00514  -0.0486  0.7730  0.9080  -0.6313   0.0000   0.4616
   0.500   0.3001   0.01076   0.00519  -0.0505  0.7435  0.9474  -0.6909   0.0000   0.4159
   1.000   0.3917   0.01101   0.00521  -0.0571  0.7118  0.9708  -0.7677   0.0000   0.3928
   1.500   0.4849   0.01117   0.00519  -0.0647  0.6785  0.9921  -0.8537   0.0000   0.3798
   2.000   0.5552   0.01125   0.00510  -0.0681  0.6470  1.0000  -0.9343   0.0000   0.3686
   2.500   0.5995   0.01141   0.00509  -0.0662  0.6191  1.0000  -1.0059   0.0000   0.3558
   3.000   0.6439   0.01166   0.00517  -0.0642  0.5923  1.0000  -1.0901   0.0000   0.3445
   4.000   0.7321   0.01228   0.00559  -0.0596  0.5399  1.0000  -1.3044   0.0000   0.3252
   4.500   0.7759   0.01263   0.00587  -0.0572  0.5135  1.0000  -1.4363   0.0000   0.3170
   5.000   0.8195   0.01302   0.00619  -0.0547  0.4865  1.0000  -1.5819   0.0000   0.3096
   5.500   0.8627   0.01344   0.00654  -0.0522  0.4583  1.0000  -1.7446   0.0000   0.3027
   6.000   0.9054   0.01390   0.00696  -0.0495  0.4286  1.0000  -1.9173   0.0000   0.2964
   6.500   0.9474   0.01443   0.00738  -0.0469  0.3967  1.0000  -2.1116   0.0000   0.2906
   7.000   0.9888   0.01498   0.00790  -0.0442  0.3618  1.0000  -2.3100   0.0000   0.2852
   7.500   1.0280   0.01568   0.00850  -0.0413  0.3226  1.0000  -2.5106   0.0000   0.2800
   8.000   1.0649   0.01658   0.00931  -0.0381  0.2816  1.0000  -2.7369   0.0000   0.2750
   8.500   1.0975   0.01773   0.01028  -0.0344  0.2380  1.0000  -2.9587   0.0000   0.2700
   9.000   1.1254   0.01917   0.01151  -0.0302  0.1972  1.0000  -3.1710   0.0000   0.2648
   9.500   1.1495   0.02070   0.01291  -0.0255  0.1620  1.0000  -3.3747   0.0000   0.2594
  10.000   1.1671   0.02261   0.01472  -0.0203  0.1354  1.0000  -3.5610   0.0000   0.2539
  10.500   1.1858   0.02470   0.01678  -0.0157  0.1158  1.0000  -3.7472   0.0000   0.2490
  11.000   1.2009   0.02723   0.01927  -0.0114  0.1014  1.0000  -3.9445   0.0000   0.2444
  11.500   1.2187   0.02970   0.02181  -0.0079  0.0901  1.0000  -4.1635   0.0000   0.2406
  12.000   1.2349   0.03254   0.02477  -0.0048  0.0810  1.0000  -4.3731   0.0000   0.2371


