    alpha     CL        CD       CDp       Cm    Top Xtr Bot Xtr   Cpmin    Chinge    XCp    
  -5.000  -0.5395   0.02363   0.01448  -0.0183  1.0000  0.1735  -2.2763   0.0000   0.2084
  -4.500  -0.4985   0.02259   0.01346  -0.0168  1.0000  0.1990  -2.1078   0.0000   0.2088
  -4.000  -0.4161   0.02172   0.01281  -0.0232  0.9875  0.2470  -1.8509   0.0000   0.1865
  -3.500  -0.3306   0.02109   0.01242  -0.0300  0.9708  0.3153  -1.5898   0.0000   0.1512
  -3.000  -0.2513   0.02027   0.01215  -0.0353  0.9533  0.4010  -1.3651   0.0000   0.1006
  -2.500  -0.1750   0.01951   0.01199  -0.0394  0.9340  0.5164  -1.1625   0.0000   0.0146
  -2.000  -0.1048   0.01892   0.01207  -0.0412  0.9147  0.6611  -0.9838   0.0000  -0.1567
  -1.500  -0.0243   0.01859   0.01218  -0.0430  0.8996  0.8037  -0.8085   0.0000  -1.5656
  -1.000   0.0569   0.01870   0.01232  -0.0447  0.8806  0.9030  -0.6571   0.0000   1.0460
  -0.500   0.1951   0.01869   0.01212  -0.0583  0.8661  0.9571  -0.5841   0.0000   0.5495
   0.000   0.3524   0.01768   0.01091  -0.0766  0.8524  0.9910  -0.6907   0.0000   0.4663
   0.500   0.4214   0.01699   0.01005  -0.0796  0.8226  1.0000  -0.7514   0.0000   0.4369
   1.000   0.4596   0.01675   0.00967  -0.0766  0.7899  1.0000  -0.7974   0.0000   0.4139
   1.500   0.5010   0.01665   0.00941  -0.0737  0.7595  1.0000  -0.8503   0.0000   0.3939
   2.000   0.5440   0.01670   0.00934  -0.0710  0.7304  1.0000  -0.9110   0.0000   0.3767
   2.500   0.5879   0.01688   0.00937  -0.0684  0.7021  1.0000  -0.9809   0.0000   0.3619
   3.000   0.6327   0.01716   0.00951  -0.0658  0.6744  1.0000  -1.0623   0.0000   0.3491
   3.500   0.6782   0.01751   0.00974  -0.0634  0.6471  1.0000  -1.1598   0.0000   0.3381
   4.000   0.7240   0.01791   0.01008  -0.0610  0.6195  1.0000  -1.2735   0.0000   0.3283
   4.500   0.7698   0.01837   0.01042  -0.0585  0.5914  1.0000  -1.4035   0.0000   0.3196
   5.000   0.8150   0.01885   0.01082  -0.0560  0.5623  1.0000  -1.5459   0.0000   0.3118
   5.500   0.8595   0.01936   0.01127  -0.0534  0.5317  1.0000  -1.7086   0.0000   0.3046
   6.000   0.9032   0.01988   0.01180  -0.0507  0.4994  1.0000  -1.8754   0.0000   0.2981
   6.500   0.9462   0.02038   0.01227  -0.0479  0.4653  1.0000  -2.0691   0.0000   0.2919
   7.000   0.9886   0.02087   0.01267  -0.0450  0.4295  1.0000  -2.2677   0.0000   0.2862
   7.500   1.0288   0.02150   0.01317  -0.0418  0.3916  1.0000  -2.4663   0.0000   0.2807
   8.000   1.0627   0.02219   0.01392  -0.0378  0.3494  1.0000  -2.6768   0.0000   0.2750
   8.500   1.0936   0.02324   0.01484  -0.0335  0.3050  1.0000  -2.8887   0.0000   0.2694
   9.000   1.1193   0.02471   0.01608  -0.0288  0.2602  1.0000  -3.0884   0.0000   0.2638
   9.500   1.1416   0.02668   0.01773  -0.0240  0.2194  1.0000  -3.2774   0.0000   0.2583
  10.000   1.1595   0.02879   0.01989  -0.0187  0.1855  1.0000  -3.4487   0.0000   0.2527
  10.500   1.1790   0.03126   0.02221  -0.0140  0.1606  1.0000  -3.6207   0.0000   0.2477
  11.000   1.1997   0.03395   0.02484  -0.0099  0.1405  1.0000  -3.8130   0.0000   0.2434
  11.500   1.2199   0.03682   0.02778  -0.0062  0.1246  1.0000  -4.0169   0.0000   0.2394
  12.000   1.2464   0.04038   0.03150  -0.0034  0.1127  1.0000  -4.2261   0.0000   0.2363


