  alpha     CL        CD       CDp       Cm    Top Xtr Bot Xtr   Cpmin    Chinge    XCp    
  -5.000  -0.3169   0.01322   0.00629  -0.0572  0.9469  0.1548  -1.9278   0.0000   0.0582
  -4.500  -0.2564   0.01244   0.00569  -0.0582  0.9337  0.1906  -1.6957   0.0000   0.0112
  -4.000  -0.1893   0.01166   0.00509  -0.0602  0.9234  0.2370  -1.4598   0.0000  -0.0818
  -3.500  -0.1361   0.01106   0.00463  -0.0594  0.9052  0.2857  -1.2843   0.0000  -0.2021
  -3.000  -0.0824   0.01049   0.00423  -0.0585  0.8855  0.3428  -1.1129   0.0000  -0.4818
  -2.500  -0.0296   0.00989   0.00389  -0.0575  0.8647  0.4135  -0.9595   0.0000  -1.7401
  -2.000   0.0221   0.00935   0.00363  -0.0562  0.8411  0.5073  -0.8224   0.0000   2.8384
  -1.500   0.0729   0.00889   0.00346  -0.0546  0.8159  0.6077  -0.7012   0.0000   1.0084
  -1.000   0.1236   0.00858   0.00337  -0.0527  0.7881  0.6988  -0.5914   0.0000   0.6796
  -0.500   0.1743   0.00841   0.00336  -0.0507  0.7594  0.7793  -0.5876   0.0000   0.5411
   0.000   0.2249   0.00840   0.00341  -0.0485  0.7295  0.8498  -0.6315   0.0000   0.4643
   0.500   0.2784   0.00856   0.00353  -0.0469  0.6992  0.9048  -0.6803   0.0000   0.4158
   1.000   0.3397   0.00884   0.00367  -0.0471  0.6688  0.9452  -0.7375   0.0000   0.3852
   1.500   0.4177   0.00918   0.00383  -0.0512  0.6377  0.9682  -0.8109   0.0000   0.3686
   2.000   0.5036   0.00948   0.00397  -0.0573  0.6067  0.9840  -0.8987   0.0000   0.3595
   2.500   0.5917   0.00973   0.00405  -0.0642  0.5763  0.9975  -1.0028   0.0000   0.3537
   3.000   0.6455   0.00992   0.00411  -0.0642  0.5500  1.0000  -1.0956   0.0000   0.3442
   3.500   0.6897   0.01015   0.00423  -0.0621  0.5253  1.0000  -1.1955   0.0000   0.3342
   4.000   0.7336   0.01044   0.00444  -0.0598  0.5007  1.0000  -1.3114   0.0000   0.3253
   4.500   0.7772   0.01078   0.00466  -0.0574  0.4753  1.0000  -1.4444   0.0000   0.3171
   5.000   0.8206   0.01114   0.00492  -0.0549  0.4489  1.0000  -1.5915   0.0000   0.3097
   5.500   0.8638   0.01153   0.00523  -0.0524  0.4213  1.0000  -1.7549   0.0000   0.3029
   6.000   0.9069   0.01194   0.00561  -0.0499  0.3916  1.0000  -1.9311   0.0000   0.2967
   6.500   0.9500   0.01241   0.00601  -0.0475  0.3586  1.0000  -2.1284   0.0000   0.2911
   7.000   0.9917   0.01304   0.00651  -0.0449  0.3216  1.0000  -2.3283   0.0000   0.2858
   7.500   1.0324   0.01380   0.00713  -0.0423  0.2822  1.0000  -2.5372   0.0000   0.2809
   8.000   1.0703   0.01477   0.00793  -0.0394  0.2407  1.0000  -2.7681   0.0000   0.2761
   8.500   1.1064   0.01587   0.00884  -0.0364  0.1995  1.0000  -3.0009   0.0000   0.2715
   9.000   1.1396   0.01712   0.00992  -0.0330  0.1613  1.0000  -3.2313   0.0000   0.2669
   9.500   1.1684   0.01847   0.01115  -0.0289  0.1320  1.0000  -3.4526   0.0000   0.2620
  10.000   1.1929   0.01998   0.01261  -0.0244  0.1103  1.0000  -3.6645   0.0000   0.2570
  10.500   1.2160   0.02169   0.01430  -0.0201  0.0939  1.0000  -3.8782   0.0000   0.2523
  11.000   1.2371   0.02364   0.01626  -0.0161  0.0816  1.0000  -4.1168   0.0000   0.2480
  11.500   1.2501   0.02628   0.01889  -0.0118  0.0721  1.0000  -4.3262   0.0000   0.2436
  12.000   1.2728   0.02844   0.02121  -0.0091  0.0658  1.0000  -4.5750   0.0000   0.2404


